#movement:time_pos_euler_scale
9
0
 -680      0   400
    0    -45     0
    1      1     1
1
    0      0   600
	0      0     0
    1      1     1
2
    680    0   400
	  0   45     0
      1    1     1
3
   1080    0  -700
      0   90     0
      1    1     1
4
   680     0 -1640
     0   135     0
     1     1     1
5
     0     0 -1900
     0   180     0
    1      1     1
6
  -680     0 -1640
     0   225     0
    1      1     1
7
  -980     0  -700
     0   270     0
     1     1     1
8
 -680      0   400
    0    -45     0
    1      1     1